version https://git-lfs.github.com/spec/v1
oid sha256:863656a434995f729ac51430f8bf72122a6d5480d8bbf98f4a0c8578c612c5b5
size 462978
